[38;2;255;255;255;48;2;128;64;0m                                                                                [0m
[38;2;255;255;255;48;2;128;64;0m                                        [0m[38;2;255;255;255;48;2;128;128;128m  [0m[38;2;0;0;0;48;2;128;128;128m                                [0m[38;2;255;255;255;48;2;128;128;128m [0m[38;2;255;255;255;48;2;128;64;0m     [0m
[38;2;255;255;255;48;2;128;64;0m                                        [0m[38;2;255;255;255;48;2;128;128;128m [0m[38;2;0;0;0;48;2;128;128;128m                                 [0m[38;2;255;255;255;48;2;128;128;128m [0m[38;2;255;255;255;48;2;128;64;0m     [0m
[38;2;255;255;255;48;2;128;64;0m                                        [0m[38;2;255;255;255;48;2;128;128;128m [0m[38;2;0;0;0;48;2;128;128;128m [0m[38;2;255;255;255;48;2;128;128;128m [0m[38;2;0;0;0;48;2;128;128;128m                               [0m[38;2;255;255;255;48;2;128;128;128m [0m[38;2;255;255;255;48;2;128;64;0m     [0m
[38;2;255;255;255;48;2;128;64;0m                                        [0m[38;2;255;255;255;48;2;128;128;128m [0m[38;2;0;0;0;48;2;128;128;128m                                 [0m[38;2;255;255;255;48;2;128;128;128m [0m[38;2;255;255;255;48;2;128;64;0m     [0m
[38;2;255;255;255;48;2;128;64;0m                                        [0m[38;2;255;255;255;48;2;128;128;128m [0m[38;2;0;0;0;48;2;128;128;128m [0m[38;2;255;255;255;48;2;128;128;128m [0m[38;2;0;0;0;48;2;128;128;128m      _                _       [0m[38;2;255;255;255;48;2;128;128;128m [0m[38;2;255;255;255;48;2;128;64;0m     [0m
[38;2;255;255;255;48;2;128;64;0m                                        [0m[38;2;255;255;255;48;2;128;128;128m [0m[38;2;0;0;0;48;2;128;128;128m [0m[38;2;255;255;255;48;2;128;128;128m [0m[38;2;0;0;0;48;2;128;128;128m  ___| |__   ___  _ __| |_     [0m[38;2;255;255;255;48;2;128;128;128m [0m[38;2;255;255;255;48;2;128;64;0m     [0m
[38;2;255;255;255;48;2;128;64;0m                                        [0m[38;2;255;255;255;48;2;128;128;128m [0m[38;2;0;0;0;48;2;128;128;128m [0m[38;2;255;255;255;48;2;128;128;128m [0m[38;2;0;0;0;48;2;128;128;128m / __| '_ \ / _ \| '__| __|    [0m[38;2;255;255;255;48;2;128;128;128m [0m[38;2;255;255;255;48;2;128;64;0m     [0m
[38;2;255;255;255;48;2;128;64;0m                                        [0m[38;2;255;255;255;48;2;128;128;128m [0m[38;2;0;0;0;48;2;128;128;128m [0m[38;2;255;255;255;48;2;128;128;128m [0m[38;2;0;0;0;48;2;128;128;128m \__ \ | | | (_) | |  | |_     [0m[38;2;255;255;255;48;2;128;128;128m [0m[38;2;255;255;255;48;2;128;64;0m     [0m
[38;2;255;255;255;48;2;128;64;0m                                        [0m[38;2;255;255;255;48;2;128;128;128m [0m[38;2;0;0;0;48;2;128;128;128m [0m[38;2;255;255;255;48;2;128;128;128m [0m[38;2;0;0;0;48;2;128;128;128m |___/_| |_|\___/|_|   \__|    [0m[38;2;255;255;255;48;2;128;128;128m [0m[38;2;255;255;255;48;2;128;64;0m     [0m
[38;2;255;255;255;48;2;128;64;0m                                        [0m[38;2;255;255;255;48;2;128;128;128m   [0m[38;2;0;0;0;48;2;128;128;128m                              [0m[38;2;255;255;255;48;2;128;128;128m  [0m[38;2;255;255;255;48;2;128;64;0m     [0m
[38;2;255;255;255;48;2;128;64;0m                                        [0m[38;2;255;255;255;48;2;128;128;128m  [0m[38;2;0;0;0;48;2;128;128;128m  __ _      _   _               [0m[38;2;255;255;255;48;2;128;128;128m [0m[38;2;255;255;255;48;2;128;64;0m     [0m
[38;2;255;255;255;48;2;128;64;0m                                        [0m[38;2;255;255;255;48;2;128;128;128m  [0m[38;2;0;0;0;48;2;128;128;128m / _(_) ___| |_(_) ___  _ __    [0m[38;2;255;255;255;48;2;128;128;128m [0m[38;2;255;255;255;48;2;128;64;0m     [0m
[38;2;255;255;255;48;2;128;64;0m                                        [0m[38;2;255;255;255;48;2;128;128;128m  [0m[38;2;0;0;0;48;2;128;128;128m| |_| |/ __| __| |/ _ \| '_ \   [0m[38;2;255;255;255;48;2;128;128;128m [0m[38;2;255;255;255;48;2;128;64;0m     [0m
[38;2;255;255;255;48;2;128;64;0m                                        [0m[38;2;255;255;255;48;2;128;128;128m  [0m[38;2;0;0;0;48;2;128;128;128m|  _| | (__| |_| | (_) | | | |  [0m[38;2;255;255;255;48;2;128;128;128m [0m[38;2;255;255;255;48;2;128;64;0m     [0m
[38;2;255;255;255;48;2;128;64;0m                                        [0m[38;2;255;255;255;48;2;128;128;128m  [0m[38;2;0;0;0;48;2;128;128;128m|_| |_|\___|\__|_|\___/|_| |_|  [0m[38;2;255;255;255;48;2;128;128;128m [0m[38;2;255;255;255;48;2;128;64;0m     [0m
[38;2;255;255;255;48;2;128;64;0m                                        [0m[38;2;255;255;255;48;2;128;128;128m  [0m[38;2;0;0;0;48;2;128;128;128m                                [0m[38;2;255;255;255;48;2;128;128;128m [0m[38;2;255;255;255;48;2;128;64;0m     [0m
[38;2;255;255;255;48;2;128;64;0m                                        [0m[38;2;255;255;255;48;2;128;128;128m  [0m[38;2;0;0;0;48;2;128;128;128m                                [0m[38;2;255;255;255;48;2;128;128;128m [0m[38;2;255;255;255;48;2;128;64;0m     [0m
[38;2;255;255;255;48;2;128;64;0m                                        [0m[38;2;255;255;255;48;2;128;128;128m  [0m[38;2;0;0;0;48;2;128;128;128m            (all)               [0m[38;2;255;255;255;48;2;128;128;128m [0m[38;2;255;255;255;48;2;128;64;0m     [0m
[38;2;255;255;255;48;2;128;64;0m                                        [0m[38;2;255;255;255;48;2;128;128;128m  [0m[38;2;0;0;0;48;2;128;128;128m                                [0m[38;2;255;255;255;48;2;128;128;128m [0m[38;2;255;255;255;48;2;128;64;0m     [0m
[38;2;255;255;255;48;2;128;64;0m                                        [0m[38;2;255;255;255;48;2;128;128;128m  [0m[38;2;0;0;0;48;2;128;128;128m                                [0m[38;2;255;255;255;48;2;128;128;128m [0m[38;2;255;255;255;48;2;128;64;0m     [0m
[38;2;255;255;255;48;2;128;64;0m                                        [0m[38;2;255;255;255;48;2;128;128;128m  [0m[38;2;0;0;0;48;2;128;128;128m                                [0m[38;2;255;255;255;48;2;128;128;128m [0m[38;2;255;255;255;48;2;128;64;0m     [0m
[38;2;255;255;255;48;2;128;64;0m                                        [0m[38;2;255;255;255;48;2;128;128;128m                                   [0m[38;2;255;255;255;48;2;128;64;0m     [0m
[38;2;255;255;255;48;2;128;64;0m                                                                                [0m