[38;2;255;255;255;48;2;64;0;0m                                                                                [0m
[38;2;255;255;255;48;2;64;0;0m    [0m[38;2;255;255;255;48;2;0;0;0m                                                                       [0m[38;2;255;255;255;48;2;64;0;0m     [0m
[38;2;255;255;255;48;2;64;0;0m    [0m[38;2;255;255;255;48;2;0;0;0m  [0m[38;2;0;0;0;48;2;255;255;255m                                [0m[38;2;255;255;255;48;2;227;227;227m  [0m[38;2;0;0;0;48;2;255;255;255m                                 [0m[38;2;255;255;255;48;2;0;0;0m  [0m[38;2;255;255;255;48;2;64;0;0m     [0m
[38;2;255;255;255;48;2;64;0;0m    [0m[38;2;255;255;255;48;2;0;0;0m  [0m[38;2;0;0;0;48;2;255;255;255m  ᚽШYЗDᛅᛯЖЭeႫᛒႣႧCTᛝЙՇᚭRႠ᛭ᛃΧԹႵჅ  [0m[38;2;255;255;255;48;2;227;227;227m  [0m[38;2;0;0;0;48;2;255;255;255m  GΩsfOIᛠᚡᛃΑoEՖЗՃВCԻᚱLԷՅgcᚰᛗᚮК   [0m[38;2;255;255;255;48;2;0;0;0m  [0m[38;2;255;255;255;48;2;64;0;0m     [0m
[38;2;255;255;255;48;2;64;0;0m    [0m[38;2;255;255;255;48;2;0;0;0m  [0m[38;2;0;0;0;48;2;255;255;255m  ᛄᛃЦᚻᛛჅyᛋᛠᛟiΩxᚪGႮႿvХᚶnႯႪᛤᛀᚷaᚾ  [0m[38;2;255;255;255;48;2;227;227;227m  [0m[38;2;0;0;0;48;2;255;255;255m  ᛧΝᛒᛑᚭzᛨЕՇP᛭ᚡᚢCᚴՍႸmΠႲՓΓΚAႵᛠՏΙ   [0m[38;2;255;255;255;48;2;0;0;0m  [0m[38;2;255;255;255;48;2;64;0;0m     [0m
[38;2;255;255;255;48;2;64;0;0m    [0m[38;2;255;255;255;48;2;0;0;0m  [0m[38;2;0;0;0;48;2;255;255;255m  ՆᚴႺVႦᛞԻЕΟᛟႥZႣᛚᛈᚱᚬΔՎႩჂᚿᛖQჄᚰՐԼ  [0m[38;2;255;255;255;48;2;227;227;227m  [0m[38;2;0;0;0;48;2;255;255;255m  cᚶ᛫mᛎᚪJAԱᛂႡЮЯՂᚮՊႪoႷႧpᚲᚿԸΝႤՁႥ   [0m[38;2;255;255;255;48;2;0;0;0m  [0m[38;2;255;255;255;48;2;64;0;0m     [0m
[38;2;255;255;255;48;2;64;0;0m    [0m[38;2;255;255;255;48;2;0;0;0m  [0m[38;2;0;0;0;48;2;255;255;255m  ΕᚧᚶᚩHSᛃᚦԾᚰMiႧbКΥᛐvТΝՌႸႨԲՎჂΑႣ  [0m[38;2;255;255;255;48;2;227;227;227m  [0m[38;2;0;0;0;48;2;255;255;255m  ΔႴᛢΟჀᛄᚧԲΠᛝᚩᚨႠႳᛩᛪᚯᚬՎUiMЧᛁᚷΘEl   [0m[38;2;255;255;255;48;2;0;0;0m  [0m[38;2;255;255;255;48;2;64;0;0m     [0m
[38;2;255;255;255;48;2;64;0;0m    [0m[38;2;255;255;255;48;2;0;0;0m  [0m[38;2;0;0;0;48;2;255;255;255m  ႸГΟᚵᛋᛘԶТՏΠႿiᛛЭᛏΗroႹՎᚤ᛭ᚳԻ᛬ФᛆՄ  [0m[38;2;255;255;255;48;2;227;227;227m  [0m[38;2;0;0;0;48;2;255;255;255m  ԻᛚШjᛮᚹႻᛠႺᛓᚵJᚯzႱЗАᛢОЕUQᚽՔХXᚨՐ   [0m[38;2;255;255;255;48;2;0;0;0m  [0m[38;2;255;255;255;48;2;64;0;0m     [0m
[38;2;255;255;255;48;2;64;0;0m    [0m[38;2;255;255;255;48;2;0;0;0m  [0m[38;2;0;0;0;48;2;255;255;255m  ᚪЙRՊΣΙᚵЖЩ᛫ᛗႣHNᛟႰᚳᚫfႱᚼᚷᛞᛀᛔmႺЫ  [0m[38;2;255;255;255;48;2;227;227;227m  [0m[38;2;0;0;0;48;2;255;255;255m  ᚷΑႢDΙyՏႣՑᛉЭЫᛒkႠՈЮႻᛤႸΜ᛬ᛎԱYΒႼᚨ   [0m[38;2;255;255;255;48;2;0;0;0m  [0m[38;2;255;255;255;48;2;64;0;0m     [0m
[38;2;255;255;255;48;2;64;0;0m    [0m[38;2;255;255;255;48;2;0;0;0m  [0m[38;2;0;0;0;48;2;255;255;255m  ᚾႾՍᚹXᛯΧΚᛊΟԹitРᛮᛰОЯᚦΗᛨOНԷpᛘՉm  [0m[38;2;255;255;255;48;2;227;227;227m  [0m[38;2;0;0;0;48;2;255;255;255m  jХΗOΑ᛬ВᚮΠΚႾЩᛥԽЖᛪᛓᚶWႻՆᚻՂᚨႡᛮrԾ   [0m[38;2;255;255;255;48;2;0;0;0m  [0m[38;2;255;255;255;48;2;64;0;0m     [0m
[38;2;255;255;255;48;2;64;0;0m    [0m[38;2;255;255;255;48;2;0;0;0m  [0m[38;2;0;0;0;48;2;255;255;255m  ႴᚹΡbՇQᚯԵՏᛖᚴФyoᛆWᛟᛒHiЩՑᛢПՆᚽჂԹ  [0m[38;2;255;255;255;48;2;227;227;227m  [0m[38;2;0;0;0;48;2;255;255;255m  hᚬᚤKСՆЫᚠႳჃᚲՑᛀႠᚳΩՏᛟЦFՄΤcᛛᛍtᛥᛆ   [0m[38;2;255;255;255;48;2;0;0;0m  [0m[38;2;255;255;255;48;2;64;0;0m     [0m
[38;2;255;255;255;48;2;64;0;0m    [0m[38;2;255;255;255;48;2;0;0;0m  [0m[38;2;0;0;0;48;2;255;255;255m  ᛪႻΓႰyᛔoДKႶᚨmႼNΡnႹЮᛛႫՍႴԿՔwΥႺႿ  [0m[38;2;255;255;255;48;2;227;227;227m  [0m[38;2;0;0;0;48;2;255;255;255m  ჂEΒНeᚬՖTԷЕႶuᛈᛒՆᚪჃᛘႷᚫbᚦႳЭRΑԱG   [0m[38;2;255;255;255;48;2;0;0;0m  [0m[38;2;255;255;255;48;2;64;0;0m     [0m
[38;2;255;255;255;48;2;64;0;0m    [0m[38;2;255;255;255;48;2;0;0;0m  [0m[38;2;0;0;0;48;2;255;255;255m  ႵKΧᛧXΦႶИΖᛌᛦᚴBՊᚿЧOႷᛠᛋΔႿᛖoyႺᛣႽ  [0m[38;2;255;255;255;48;2;227;227;227m  [0m[38;2;0;0;0;48;2;255;255;255m  hВՒaᚼᛀᛐФЛᚾՈᚧᛔԲՏΓԼLᚹУΑΚᛥOᛨႬᛌႱ   [0m[38;2;255;255;255;48;2;0;0;0m  [0m[38;2;255;255;255;48;2;64;0;0m     [0m
[38;2;255;255;255;48;2;64;0;0m    [0m[38;2;255;255;255;48;2;0;0;0m  [0m[38;2;0;0;0;48;2;255;255;255m  ՓᚳᛍՄПmЦЪlΣeΞᛈМᛦИSАᚥԲႺԷჂkxՏᛆᚦ  [0m[38;2;255;255;255;48;2;227;227;227m  [0m[38;2;0;0;0;48;2;255;255;255m  ᚦԻᛊΛᚿႻZႮᛌФᚷႢՓbᛋᛛႵЩГᚽКАԹДХՁՒՖ   [0m[38;2;255;255;255;48;2;0;0;0m  [0m[38;2;255;255;255;48;2;64;0;0m     [0m
[38;2;255;255;255;48;2;64;0;0m    [0m[38;2;255;255;255;48;2;0;0;0m  [0m[38;2;0;0;0;48;2;255;255;255m  ᛤᛩИՃfЭhჀႯEᛊԴᛁΠΓpჅᚼᛗՏჃЧЕᚤႦᛰeБ  [0m[38;2;255;255;255;48;2;227;227;227m  [0m[38;2;0;0;0;48;2;255;255;255m  ΓТႾ᛫ᚦᚨԺЬJΩuΣႭႧLႤvᚽՎΟᚿᚵᛉՂВIՏm   [0m[38;2;255;255;255;48;2;0;0;0m  [0m[38;2;255;255;255;48;2;64;0;0m     [0m
[38;2;255;255;255;48;2;64;0;0m    [0m[38;2;255;255;255;48;2;0;0;0m  [0m[38;2;0;0;0;48;2;255;255;255m  ՇᚹОႲᛂᚰԻΨᛮԵႤԹႺႻᛄႼᚶЗJԸᛀᛪУAՕUՅᛋ  [0m[38;2;255;255;255;48;2;227;227;227m  [0m[38;2;0;0;0;48;2;255;255;255m  ՀᛁᛀsჂᛝᛄႴჄΛKᛆCНΔᛟᛇႬჁᛛԷՕԶԼΒႿᛒХ   [0m[38;2;255;255;255;48;2;0;0;0m  [0m[38;2;255;255;255;48;2;64;0;0m     [0m
[38;2;255;255;255;48;2;64;0;0m    [0m[38;2;255;255;255;48;2;0;0;0m  [0m[38;2;0;0;0;48;2;255;255;255m  ᚢᚾՋЧԳᚱqЮКЦᛅႣyᚭᚤUჂΧᚻСМmՔLЭᚴD᛭  [0m[38;2;255;255;255;48;2;227;227;227m  [0m[38;2;0;0;0;48;2;255;255;255m  UМՂΕЕᛤШΠᚾΔᛝᛞЖRxGᚡᚱqԲDႱyᛮჅՀᚿo   [0m[38;2;255;255;255;48;2;0;0;0m  [0m[38;2;255;255;255;48;2;64;0;0m     [0m
[38;2;255;255;255;48;2;64;0;0m    [0m[38;2;255;255;255;48;2;0;0;0m  [0m[38;2;0;0;0;48;2;255;255;255m  ᛘᛆYႱՖႻᛒAСᛠᛥΡᚵФΑZyᛀPՋᛂᛢwhiᚤԺG  [0m[38;2;255;255;255;48;2;227;227;227m  [0m[38;2;0;0;0;48;2;255;255;255m  ЗЬАΟᚱЦFჀΓᚻiᚤxᚯᛛΦᛀԾΥ᛫ႫՔZЙΑЕԽՍ   [0m[38;2;255;255;255;48;2;0;0;0m  [0m[38;2;255;255;255;48;2;64;0;0m     [0m
[38;2;255;255;255;48;2;64;0;0m    [0m[38;2;255;255;255;48;2;0;0;0m  [0m[38;2;0;0;0;48;2;255;255;255m  ՉogΜᚭᛰႻSႶᛈᛣFႽuᛅЕՀԷՊᛘΧΥWEzᛢՅՎ  [0m[38;2;255;255;255;48;2;227;227;227m  [0m[38;2;0;0;0;48;2;255;255;255m  ЭᛝԿԽGᚱΕԶΡЗᛩԴᚺՄᚯႼyiΩႮᛏКႤႨgΦᛥႰ   [0m[38;2;255;255;255;48;2;0;0;0m  [0m[38;2;255;255;255;48;2;64;0;0m     [0m
[38;2;255;255;255;48;2;64;0;0m    [0m[38;2;255;255;255;48;2;0;0;0m  [0m[38;2;0;0;0;48;2;255;255;255m  ᚼႠՌᛨᚷᛐЯՎRᚵᚭᛗᛆАᛠᛜᚡႽAᛢIΙႤvEyЕᛄ  [0m[38;2;255;255;255;48;2;227;227;227m  [0m[38;2;0;0;0;48;2;255;255;255m  ᚻМԱᛢჁOՍᚹᚡvИᛅᛦՓMᚤᚿᚺႫЫУႯᛧᚽᛪΓFТ   [0m[38;2;255;255;255;48;2;0;0;0m  [0m[38;2;255;255;255;48;2;64;0;0m     [0m
[38;2;255;255;255;48;2;64;0;0m    [0m[38;2;255;255;255;48;2;0;0;0m  [0m[38;2;0;0;0;48;2;255;255;255m  eᛃEΤჄᛑჂᚰΥZႮႿᛈzՔΔᛟΑХyႴႯMΨᛖБlL  [0m[38;2;255;255;255;48;2;227;227;227m  [0m[38;2;0;0;0;48;2;255;255;255m  EႮᚸΘՂΩΓႺᛣЦbԴᛠqРᛟJႹԹᚰԱΦԾᛀՊuՀΥ   [0m[38;2;255;255;255;48;2;0;0;0m  [0m[38;2;255;255;255;48;2;64;0;0m     [0m
[38;2;255;255;255;48;2;64;0;0m    [0m[38;2;255;255;255;48;2;0;0;0m  [0m[38;2;0;0;0;48;2;255;255;255m                                [0m[38;2;255;255;255;48;2;227;227;227m  [0m[38;2;0;0;0;48;2;255;255;255m                                 [0m[38;2;255;255;255;48;2;0;0;0m  [0m[38;2;255;255;255;48;2;64;0;0m     [0m
[38;2;255;255;255;48;2;64;0;0m    [0m[38;2;255;255;255;48;2;0;0;0m                                                                       [0m[38;2;255;255;255;48;2;64;0;0m     [0m
[38;2;255;255;255;48;2;64;0;0m                                                                                [0m